Location	Table Number	Table Size
1	47	1
2	48	1
3	49	1
4	50	1
5	51	1
6	52	1
7	53	1
8	54	1
9	55	1
10	56	1
11	57	1
12	58	1
13	59	1
14	60	1
15	61	1
16	62	1
17	46	1
18	45	1
19	44	1
20	43	1
21	42	1
22	41	1
23	40	1
24	39	1
25	38	1
26	37	1
27	36	1
28	35	1
29	34	1
30	33	1
31	32	1
32	31	1
33	17	2
35	18	1
36	19	1
37	20	1
38	21	1
39	22	1
40	23	1
41	24	1
42	25	1
43	26	1
44	27	1
45	28	1
46	29	1
47	30	2
49	16	1
50	15	1
51	14	1
52	13	1
53	12	1
54	11	1
55	10	1
56	9	1
57	8	1
58	7	1
59	6	1
60	5	1
61	4	1
62	3	1
63	2	1
64	1	1
65	63	1
66	64	1
67	65	1
68	66	1
69	67	1
70	68	1
71	69	1
72	70	1
73	71	1
74	72	1
